# number of observations n 
 338 
# number of categories m 
 4 
# dimension of parameter vector p 
 5 
# dimension of conditional variables q 
 4 
# number of groups ngp 
 12 
# response counts Y 
1 0 1 1
4 2 1 1
5 5 4 8
13 22 9 17
26 27 19 17
33 32 17 33
23 30 26 26
30 31 20 28
27 30 18 25
26 28 24 23
25 21 18 21
17 22 18 22
21 13 16 17
11 16 24 15
17 5 11 11
3 3 7 9
6 10 5 8
3 4 4 3
3 1 6 4
2 1 3 2
0 1 0 3
2 1 3 0
1 0 2 0
0 0 0 1
1 0 1 0
0 0 0 1
0 0 1 0
0 0 0 1
1 0 1 1
4 7 1 2
8 14 6 9
19 18 10 16
23 23 20 26
41 37 29 33
38 48 41 38
26 28 30 29
34 25 16 30
19 27 24 23
16 34 17 22
24 13 21 16
13 16 25 13
7 11 17 7
8 4 6 7
7 7 8 7
7 2 6 6
4 1 2 3
2 2 1 4
1 0 1 1
1 0 1 0
0 0 1 2
0 0 1 3
0 2 0 0
1 0 0 1
1 0 0 0
0 1 0 0
0 1 0 0
2 0 0 1
4 2 0 1
6 3 5 6
10 8 8 15
24 25 17 14
35 24 22 20
31 27 31 35
36 25 27 19
36 19 25 28
18 22 17 28
22 19 14 21
15 16 22 22
17 20 15 11
7 16 20 16
10 7 14 7
3 11 9 5
8 0 3 12
4 3 8 5
3 6 2 5
0 1 1 1
3 1 0 3
2 1 2 2
0 1 2 1
0 0 0 1
0 0 0 1
1 0 0 0
0 0 0 1
1 2 0 0
2 1 1 0
9 3 3 4
10 9 7 7
12 17 11 19
25 17 25 23
25 16 32 22
17 23 23 19
21 16 19 17
16 18 26 24
24 18 21 18
24 17 16 20
21 17 17 21
7 20 18 15
14 13 9 24
9 10 13 9
7 10 5 9
6 8 3 7
3 2 4 2
5 3 4 2
2 1 4 3
2 0 1 2
0 1 1 2
2 4 2 1
0 1 0 0
0 1 0 0
1 0 0 0
0 0 2 0
2 0 4 0
5 5 6 6
15 12 17 15
15 16 12 15
32 20 15 23
28 21 30 25
21 21 18 22
24 12 19 20
23 27 22 23
22 16 22 13
32 25 13 21
18 18 25 19
19 18 11 17
14 8 5 13
14 13 8 7
8 12 6 6
7 6 3 6
6 7 2 10
5 6 4 8
2 5 2 5
0 1 3 1
1 2 0 1
3 2 1 1
0 1 0 0
0 0 2 0
0 1 0 0
0 1 0 1
0 0 2 0
0 1 1 1
0 3 9 3
3 7 19 10
14 23 22 35
10 30 39 29
29 39 63 53
22 45 49 52
22 40 29 35
24 37 28 29
21 29 32 26
16 26 23 13
20 18 23 20
14 17 22 12
13 14 11 15
4 15 10 3
2 4 3 7
11 5 3 6
7 2 6 3
6 3 3 3
2 2 0 2
2 0 1 0
1 0 0 0
0 1 1 1
0 0 1 0
0 1 0 0
0 0 1 0
0 1 0 0
0 2 0 0
2 2 1 0
3 5 1 3
5 6 3 3
18 5 8 8
30 13 12 14
30 30 23 29
45 22 26 29
42 26 28 45
37 33 18 34
32 27 34 21
37 27 20 38
25 26 29 31
16 13 15 15
14 18 19 18
23 18 16 17
8 19 14 17
9 11 12 10
8 11 14 9
2 0 6 3
2 4 6 3
0 3 2 3
0 4 2 3
0 0 2 2
0 1 1 0
0 2 0 2
0 0 1 1
0 1 1 0
0 0 0 1
0 0 1 0
0 0 1 0
2 0 1 0
2 3 3 1
8 6 5 3
25 8 23 13
39 30 30 26
47 39 40 40
61 35 43 38
66 48 46 46
41 45 53 50
34 28 28 32
30 26 29 28
12 16 15 22
15 20 13 23
16 15 15 14
14 13 19 12
12 7 9 8
7 7 7 6
5 4 6 4
4 7 6 8
5 2 8 3
1 2 6 3
0 0 2 1
0 3 2 1
1 2 3 1
1 0 0 1
1 0 1 1
1 2 0 0
2 0 0 0
2 1 1 0
2 1 2 2
4 6 4 2
25 9 19 10
33 18 24 13
30 30 32 25
40 24 32 29
48 32 33 31
45 18 22 29
32 28 30 19
25 27 25 17
13 32 26 19
12 19 15 20
16 19 19 15
13 19 18 10
5 9 5 8
5 6 2 5
1 5 8 4
2 6 4 0
4 2 5 2
1 1 2 1
1 2 1 4
0 1 0 1
0 0 1 0
0 0 0 1
0 1 0 0
0 0 1 0
0 0 1 0
2 0 3 1
7 5 7 2
23 12 8 13
22 37 23 16
41 47 30 22
52 49 45 24
51 39 49 27
41 41 33 24
34 40 31 31
27 31 30 17
25 28 16 24
21 19 20 20
13 12 9 24
16 9 11 20
10 3 12 16
5 6 15 10
3 4 11 5
3 7 5 4
4 1 3 6
1 2 4 4
3 0 2 2
2 3 1 4
1 0 3 1
0 0 0 1
0 0 1 0
1 0 0 0
0 1 0 0
1 1 1 0
0 1 0 2
1 2 0 2
2 5 2 2
12 10 4 9
25 21 8 21
30 31 17 22
46 61 34 30
31 28 41 35
34 36 29 35
36 32 29 33
26 19 25 35
21 19 16 21
27 19 13 17
14 12 21 22
13 12 16 17
8 8 19 9
10 8 9 11
6 6 11 6
3 3 8 5
8 4 5 4
0 1 1 5
1 2 5 1
2 2 0 2
1 0 1 1
0 1 0 2
0 0 1 3
1 0 0 0
2 1 1 0
0 1 0 1
1 1 0 0
0 1 0 0
1 0 0 1
0 5 2 1
1 2 0 4
3 5 3 6
7 6 12 12
24 15 22 16
36 29 26 33
40 26 35 29
44 26 24 27
27 27 44 29
28 30 19 21
19 19 27 13
34 19 14 27
32 21 23 22
13 14 23 19
14 10 6 16
12 11 9 12
6 7 13 10
7 6 7 9
2 2 1 7
1 0 1 1
2 4 5 2
0 0 2 1
1 1 0 2
1 2 0 0
0 0 0 1
# model/design matrix X 
1 22 0 0 0
1 23 0 0 0
1 24 0 0 0
1 25 0 0 0
1 26 0 0 0
1 27 0 0 0
1 28 0 0 0
1 29 0 0 0
1 30 0 0 0
1 31 0 0 0
1 32 0 0 0
1 33 0 0 0
1 34 0 0 0
1 35 0 0 0
1 36 0 0 0
1 37 0 0 0
1 38 0 0 0
1 39 0 0 0
1 40 0 0 0
1 41 0 0 0
1 42 0 0 0
1 43 0 0 0
1 44 0 0 0
1 45 0 0 0
1 46 0 0 0
1 47 0 0 0
1 48 0 0 0
1 21 0 0 0
1 22 0 0 0
1 23 0 0 0
1 24 0 0 0
1 25 0 0 0
1 26 0 0 0
1 27 0 0 0
1 28 0 0 0
1 29 0 0 0
1 30 0 0 0
1 31 0 0 0
1 32 0 0 0
1 33 0 0 0
1 34 0 0 0
1 35 0 0 0
1 36 0 0 0
1 37 0 0 0
1 38 0 0 0
1 39 0 0 0
1 40 0 0 0
1 41 0 0 0
1 42 0 0 0
1 43 0 0 0
1 44 0 0 0
1 45 0 0 0
1 46 0 0 0
1 48 0 0 0
1 17 0 0 0
1 20 0 0 0
1 22 0 0 0
1 23 0 0 0
1 24 0 0 0
1 25 0 0 0
1 26 0 0 0
1 27 0 0 0
1 28 0 0 0
1 29 0 0 0
1 30 0 0 0
1 31 0 0 0
1 32 0 0 0
1 33 0 0 0
1 34 0 0 0
1 35 0 0 0
1 36 0 0 0
1 37 0 0 0
1 38 0 0 0
1 39 0 0 0
1 40 0 0 0
1 41 0 0 0
1 42 0 0 0
1 43 0 0 0
1 44 0 0 0
1 46 0 0 0
1 50 0 0 0
1 20 1 0 0
1 21 1 0 0
1 22 1 0 0
1 23 1 0 0
1 24 1 0 0
1 25 1 0 0
1 26 1 0 0
1 27 1 0 0
1 28 1 0 0
1 29 1 0 0
1 30 1 0 0
1 31 1 0 0
1 32 1 0 0
1 33 1 0 0
1 34 1 0 0
1 35 1 0 0
1 36 1 0 0
1 37 1 0 0
1 38 1 0 0
1 39 1 0 0
1 40 1 0 0
1 41 1 0 0
1 42 1 0 0
1 43 1 0 0
1 44 1 0 0
1 45 1 0 0
1 48 1 0 0
1 50 1 0 0
1 18 1 0 0
1 22 1 0 0
1 23 1 0 0
1 24 1 0 0
1 25 1 0 0
1 26 1 0 0
1 27 1 0 0
1 28 1 0 0
1 29 1 0 0
1 30 1 0 0
1 31 1 0 0
1 32 1 0 0
1 33 1 0 0
1 34 1 0 0
1 35 1 0 0
1 36 1 0 0
1 37 1 0 0
1 38 1 0 0
1 39 1 0 0
1 40 1 0 0
1 41 1 0 0
1 42 1 0 0
1 43 1 0 0
1 44 1 0 0
1 45 1 0 0
1 46 1 0 0
1 47 1 0 0
1 18 1 0 0
1 20 1 0 0
1 21 1 0 0
1 22 1 0 0
1 23 1 0 0
1 24 1 0 0
1 25 1 0 0
1 26 1 0 0
1 27 1 0 0
1 28 1 0 0
1 29 1 0 0
1 30 1 0 0
1 31 1 0 0
1 32 1 0 0
1 33 1 0 0
1 34 1 0 0
1 35 1 0 0
1 36 1 0 0
1 37 1 0 0
1 38 1 0 0
1 39 1 0 0
1 40 1 0 0
1 41 1 0 0
1 42 1 0 0
1 43 1 0 0
1 44 1 0 0
1 45 1 0 0
1 47 1 0 0
1 49 1 0 0
1 17 0 1 0
1 20 0 1 0
1 21 0 1 0
1 22 0 1 0
1 23 0 1 0
1 24 0 1 0
1 25 0 1 0
1 26 0 1 0
1 27 0 1 0
1 28 0 1 0
1 29 0 1 0
1 30 0 1 0
1 31 0 1 0
1 32 0 1 0
1 33 0 1 0
1 34 0 1 0
1 35 0 1 0
1 36 0 1 0
1 37 0 1 0
1 38 0 1 0
1 39 0 1 0
1 40 0 1 0
1 41 0 1 0
1 42 0 1 0
1 43 0 1 0
1 44 0 1 0
1 45 0 1 0
1 46 0 1 0
1 47 0 1 0
1 49 0 1 0
1 16 0 1 0
1 20 0 1 0
1 21 0 1 0
1 22 0 1 0
1 23 0 1 0
1 24 0 1 0
1 25 0 1 0
1 26 0 1 0
1 27 0 1 0
1 28 0 1 0
1 29 0 1 0
1 30 0 1 0
1 31 0 1 0
1 32 0 1 0
1 33 0 1 0
1 34 0 1 0
1 35 0 1 0
1 36 0 1 0
1 37 0 1 0
1 38 0 1 0
1 39 0 1 0
1 40 0 1 0
1 41 0 1 0
1 42 0 1 0
1 43 0 1 0
1 44 0 1 0
1 45 0 1 0
1 46 0 1 0
1 48 0 1 0
1 20 0 1 0
1 22 0 1 0
1 23 0 1 0
1 24 0 1 0
1 25 0 1 0
1 26 0 1 0
1 27 0 1 0
1 28 0 1 0
1 29 0 1 0
1 30 0 1 0
1 31 0 1 0
1 32 0 1 0
1 33 0 1 0
1 34 0 1 0
1 35 0 1 0
1 36 0 1 0
1 37 0 1 0
1 38 0 1 0
1 39 0 1 0
1 40 0 1 0
1 41 0 1 0
1 42 0 1 0
1 43 0 1 0
1 44 0 1 0
1 46 0 1 0
1 47 0 1 0
1 49 0 1 0
1 17 0 0 1
1 21 0 0 1
1 22 0 0 1
1 23 0 0 1
1 24 0 0 1
1 25 0 0 1
1 26 0 0 1
1 27 0 0 1
1 28 0 0 1
1 29 0 0 1
1 30 0 0 1
1 31 0 0 1
1 32 0 0 1
1 33 0 0 1
1 34 0 0 1
1 35 0 0 1
1 36 0 0 1
1 37 0 0 1
1 38 0 0 1
1 39 0 0 1
1 40 0 0 1
1 41 0 0 1
1 42 0 0 1
1 43 0 0 1
1 44 0 0 1
1 45 0 0 1
1 47 0 0 1
1 51 0 0 1
1 18 0 0 1
1 20 0 0 1
1 21 0 0 1
1 22 0 0 1
1 23 0 0 1
1 24 0 0 1
1 25 0 0 1
1 26 0 0 1
1 27 0 0 1
1 28 0 0 1
1 29 0 0 1
1 30 0 0 1
1 31 0 0 1
1 32 0 0 1
1 33 0 0 1
1 34 0 0 1
1 35 0 0 1
1 36 0 0 1
1 37 0 0 1
1 38 0 0 1
1 39 0 0 1
1 40 0 0 1
1 41 0 0 1
1 42 0 0 1
1 43 0 0 1
1 44 0 0 1
1 45 0 0 1
1 46 0 0 1
1 47 0 0 1
1 48 0 0 1
1 50 0 0 1
1 51 0 0 1
1 20 0 0 1
1 21 0 0 1
1 22 0 0 1
1 23 0 0 1
1 24 0 0 1
1 25 0 0 1
1 26 0 0 1
1 27 0 0 1
1 28 0 0 1
1 29 0 0 1
1 30 0 0 1
1 31 0 0 1
1 32 0 0 1
1 33 0 0 1
1 34 0 0 1
1 35 0 0 1
1 36 0 0 1
1 37 0 0 1
1 38 0 0 1
1 39 0 0 1
1 40 0 0 1
1 41 0 0 1
1 42 0 0 1
1 43 0 0 1
1 44 0 0 1
1 45 0 0 1
1 48 0 0 1
# conditional matrix Xcond 
293.5 343.75 227 415
293.5 343.75 227 415
293.5 343.75 227 415
293.5 343.75 227 415
293.5 343.75 227 415
293.5 343.75 227 415
293.5 343.75 227 415
293.5 343.75 227 415
293.5 343.75 227 415
293.5 343.75 227 415
293.5 343.75 227 415
293.5 343.75 227 415
293.5 343.75 227 415
293.5 343.75 227 415
293.5 343.75 227 415
293.5 343.75 227 415
293.5 343.75 227 415
293.5 343.75 227 415
293.5 343.75 227 415
293.5 343.75 227 415
293.5 343.75 227 415
293.5 343.75 227 415
293.5 343.75 227 415
293.5 343.75 227 415
293.5 343.75 227 415
293.5 343.75 227 415
293.5 343.75 227 415
275.55 278.2 158.65 364.25
275.55 278.2 158.65 364.25
275.55 278.2 158.65 364.25
275.55 278.2 158.65 364.25
275.55 278.2 158.65 364.25
275.55 278.2 158.65 364.25
275.55 278.2 158.65 364.25
275.55 278.2 158.65 364.25
275.55 278.2 158.65 364.25
275.55 278.2 158.65 364.25
275.55 278.2 158.65 364.25
275.55 278.2 158.65 364.25
275.55 278.2 158.65 364.25
275.55 278.2 158.65 364.25
275.55 278.2 158.65 364.25
275.55 278.2 158.65 364.25
275.55 278.2 158.65 364.25
275.55 278.2 158.65 364.25
275.55 278.2 158.65 364.25
275.55 278.2 158.65 364.25
275.55 278.2 158.65 364.25
275.55 278.2 158.65 364.25
275.55 278.2 158.65 364.25
275.55 278.2 158.65 364.25
275.55 278.2 158.65 364.25
275.55 278.2 158.65 364.25
275.55 278.2 158.65 364.25
306 420.05 188.4 269.65
306 420.05 188.4 269.65
306 420.05 188.4 269.65
306 420.05 188.4 269.65
306 420.05 188.4 269.65
306 420.05 188.4 269.65
306 420.05 188.4 269.65
306 420.05 188.4 269.65
306 420.05 188.4 269.65
306 420.05 188.4 269.65
306 420.05 188.4 269.65
306 420.05 188.4 269.65
306 420.05 188.4 269.65
306 420.05 188.4 269.65
306 420.05 188.4 269.65
306 420.05 188.4 269.65
306 420.05 188.4 269.65
306 420.05 188.4 269.65
306 420.05 188.4 269.65
306 420.05 188.4 269.65
306 420.05 188.4 269.65
306 420.05 188.4 269.65
306 420.05 188.4 269.65
306 420.05 188.4 269.65
306 420.05 188.4 269.65
306 420.05 188.4 269.65
306 420.05 188.4 269.65
203.1 635.3 486.4 362.5
203.1 635.3 486.4 362.5
203.1 635.3 486.4 362.5
203.1 635.3 486.4 362.5
203.1 635.3 486.4 362.5
203.1 635.3 486.4 362.5
203.1 635.3 486.4 362.5
203.1 635.3 486.4 362.5
203.1 635.3 486.4 362.5
203.1 635.3 486.4 362.5
203.1 635.3 486.4 362.5
203.1 635.3 486.4 362.5
203.1 635.3 486.4 362.5
203.1 635.3 486.4 362.5
203.1 635.3 486.4 362.5
203.1 635.3 486.4 362.5
203.1 635.3 486.4 362.5
203.1 635.3 486.4 362.5
203.1 635.3 486.4 362.5
203.1 635.3 486.4 362.5
203.1 635.3 486.4 362.5
203.1 635.3 486.4 362.5
203.1 635.3 486.4 362.5
203.1 635.3 486.4 362.5
203.1 635.3 486.4 362.5
203.1 635.3 486.4 362.5
203.1 635.3 486.4 362.5
203.1 635.3 486.4 362.5
411.3 592.7 397.6 440.3
411.3 592.7 397.6 440.3
411.3 592.7 397.6 440.3
411.3 592.7 397.6 440.3
411.3 592.7 397.6 440.3
411.3 592.7 397.6 440.3
411.3 592.7 397.6 440.3
411.3 592.7 397.6 440.3
411.3 592.7 397.6 440.3
411.3 592.7 397.6 440.3
411.3 592.7 397.6 440.3
411.3 592.7 397.6 440.3
411.3 592.7 397.6 440.3
411.3 592.7 397.6 440.3
411.3 592.7 397.6 440.3
411.3 592.7 397.6 440.3
411.3 592.7 397.6 440.3
411.3 592.7 397.6 440.3
411.3 592.7 397.6 440.3
411.3 592.7 397.6 440.3
411.3 592.7 397.6 440.3
411.3 592.7 397.6 440.3
411.3 592.7 397.6 440.3
411.3 592.7 397.6 440.3
411.3 592.7 397.6 440.3
411.3 592.7 397.6 440.3
411.3 592.7 397.6 440.3
357.1 543.7 678.4 419.9
357.1 543.7 678.4 419.9
357.1 543.7 678.4 419.9
357.1 543.7 678.4 419.9
357.1 543.7 678.4 419.9
357.1 543.7 678.4 419.9
357.1 543.7 678.4 419.9
357.1 543.7 678.4 419.9
357.1 543.7 678.4 419.9
357.1 543.7 678.4 419.9
357.1 543.7 678.4 419.9
357.1 543.7 678.4 419.9
357.1 543.7 678.4 419.9
357.1 543.7 678.4 419.9
357.1 543.7 678.4 419.9
357.1 543.7 678.4 419.9
357.1 543.7 678.4 419.9
357.1 543.7 678.4 419.9
357.1 543.7 678.4 419.9
357.1 543.7 678.4 419.9
357.1 543.7 678.4 419.9
357.1 543.7 678.4 419.9
357.1 543.7 678.4 419.9
357.1 543.7 678.4 419.9
357.1 543.7 678.4 419.9
357.1 543.7 678.4 419.9
357.1 543.7 678.4 419.9
357.1 543.7 678.4 419.9
357.1 543.7 678.4 419.9
616.5 264.4 389 416.4
616.5 264.4 389 416.4
616.5 264.4 389 416.4
616.5 264.4 389 416.4
616.5 264.4 389 416.4
616.5 264.4 389 416.4
616.5 264.4 389 416.4
616.5 264.4 389 416.4
616.5 264.4 389 416.4
616.5 264.4 389 416.4
616.5 264.4 389 416.4
616.5 264.4 389 416.4
616.5 264.4 389 416.4
616.5 264.4 389 416.4
616.5 264.4 389 416.4
616.5 264.4 389 416.4
616.5 264.4 389 416.4
616.5 264.4 389 416.4
616.5 264.4 389 416.4
616.5 264.4 389 416.4
616.5 264.4 389 416.4
616.5 264.4 389 416.4
616.5 264.4 389 416.4
616.5 264.4 389 416.4
616.5 264.4 389 416.4
616.5 264.4 389 416.4
616.5 264.4 389 416.4
616.5 264.4 389 416.4
616.5 264.4 389 416.4
616.5 264.4 389 416.4
452.3 240 305.5 309.2
452.3 240 305.5 309.2
452.3 240 305.5 309.2
452.3 240 305.5 309.2
452.3 240 305.5 309.2
452.3 240 305.5 309.2
452.3 240 305.5 309.2
452.3 240 305.5 309.2
452.3 240 305.5 309.2
452.3 240 305.5 309.2
452.3 240 305.5 309.2
452.3 240 305.5 309.2
452.3 240 305.5 309.2
452.3 240 305.5 309.2
452.3 240 305.5 309.2
452.3 240 305.5 309.2
452.3 240 305.5 309.2
452.3 240 305.5 309.2
452.3 240 305.5 309.2
452.3 240 305.5 309.2
452.3 240 305.5 309.2
452.3 240 305.5 309.2
452.3 240 305.5 309.2
452.3 240 305.5 309.2
452.3 240 305.5 309.2
452.3 240 305.5 309.2
452.3 240 305.5 309.2
452.3 240 305.5 309.2
452.3 240 305.5 309.2
618 264.8 279.5 497.95
618 264.8 279.5 497.95
618 264.8 279.5 497.95
618 264.8 279.5 497.95
618 264.8 279.5 497.95
618 264.8 279.5 497.95
618 264.8 279.5 497.95
618 264.8 279.5 497.95
618 264.8 279.5 497.95
618 264.8 279.5 497.95
618 264.8 279.5 497.95
618 264.8 279.5 497.95
618 264.8 279.5 497.95
618 264.8 279.5 497.95
618 264.8 279.5 497.95
618 264.8 279.5 497.95
618 264.8 279.5 497.95
618 264.8 279.5 497.95
618 264.8 279.5 497.95
618 264.8 279.5 497.95
618 264.8 279.5 497.95
618 264.8 279.5 497.95
618 264.8 279.5 497.95
618 264.8 279.5 497.95
618 264.8 279.5 497.95
618 264.8 279.5 497.95
618 264.8 279.5 497.95
555.25 430.7 393.8 186.5
555.25 430.7 393.8 186.5
555.25 430.7 393.8 186.5
555.25 430.7 393.8 186.5
555.25 430.7 393.8 186.5
555.25 430.7 393.8 186.5
555.25 430.7 393.8 186.5
555.25 430.7 393.8 186.5
555.25 430.7 393.8 186.5
555.25 430.7 393.8 186.5
555.25 430.7 393.8 186.5
555.25 430.7 393.8 186.5
555.25 430.7 393.8 186.5
555.25 430.7 393.8 186.5
555.25 430.7 393.8 186.5
555.25 430.7 393.8 186.5
555.25 430.7 393.8 186.5
555.25 430.7 393.8 186.5
555.25 430.7 393.8 186.5
555.25 430.7 393.8 186.5
555.25 430.7 393.8 186.5
555.25 430.7 393.8 186.5
555.25 430.7 393.8 186.5
555.25 430.7 393.8 186.5
555.25 430.7 393.8 186.5
555.25 430.7 393.8 186.5
555.25 430.7 393.8 186.5
555.25 430.7 393.8 186.5
374.8 407.2 204 228.95
374.8 407.2 204 228.95
374.8 407.2 204 228.95
374.8 407.2 204 228.95
374.8 407.2 204 228.95
374.8 407.2 204 228.95
374.8 407.2 204 228.95
374.8 407.2 204 228.95
374.8 407.2 204 228.95
374.8 407.2 204 228.95
374.8 407.2 204 228.95
374.8 407.2 204 228.95
374.8 407.2 204 228.95
374.8 407.2 204 228.95
374.8 407.2 204 228.95
374.8 407.2 204 228.95
374.8 407.2 204 228.95
374.8 407.2 204 228.95
374.8 407.2 204 228.95
374.8 407.2 204 228.95
374.8 407.2 204 228.95
374.8 407.2 204 228.95
374.8 407.2 204 228.95
374.8 407.2 204 228.95
374.8 407.2 204 228.95
374.8 407.2 204 228.95
374.8 407.2 204 228.95
374.8 407.2 204 228.95
374.8 407.2 204 228.95
374.8 407.2 204 228.95
374.8 407.2 204 228.95
374.8 407.2 204 228.95
490.1 458.8 221 211.8
490.1 458.8 221 211.8
490.1 458.8 221 211.8
490.1 458.8 221 211.8
490.1 458.8 221 211.8
490.1 458.8 221 211.8
490.1 458.8 221 211.8
490.1 458.8 221 211.8
490.1 458.8 221 211.8
490.1 458.8 221 211.8
490.1 458.8 221 211.8
490.1 458.8 221 211.8
490.1 458.8 221 211.8
490.1 458.8 221 211.8
490.1 458.8 221 211.8
490.1 458.8 221 211.8
490.1 458.8 221 211.8
490.1 458.8 221 211.8
490.1 458.8 221 211.8
490.1 458.8 221 211.8
490.1 458.8 221 211.8
490.1 458.8 221 211.8
490.1 458.8 221 211.8
490.1 458.8 221 211.8
490.1 458.8 221 211.8
490.1 458.8 221 211.8
490.1 458.8 221 211.8
# groups 
 1 1 1 1 1 1 1 1 1 1 1 1 1 1 1 1 1 1 1 1 1 1 1 1 1 1 1 2 2 2 2 2 2 2 2 2 2 2 2 2 2 2 2 2 2 2 2 2 2 2 2 2 2 2 3 3 3 3 3 3 3 3 3 3 3 3 3 3 3 3 3 3 3 3 3 3 3 3 3 3 3 4 4 4 4 4 4 4 4 4 4 4 4 4 4 4 4 4 4 4 4 4 4 4 4 4 4 4 4 5 5 5 5 5 5 5 5 5 5 5 5 5 5 5 5 5 5 5 5 5 5 5 5 5 5 5 6 6 6 6 6 6 6 6 6 6 6 6 6 6 6 6 6 6 6 6 6 6 6 6 6 6 6 6 6 7 7 7 7 7 7 7 7 7 7 7 7 7 7 7 7 7 7 7 7 7 7 7 7 7 7 7 7 7 7 8 8 8 8 8 8 8 8 8 8 8 8 8 8 8 8 8 8 8 8 8 8 8 8 8 8 8 8 8 9 9 9 9 9 9 9 9 9 9 9 9 9 9 9 9 9 9 9 9 9 9 9 9 9 9 9 10 10 10 10 10 10 10 10 10 10 10 10 10 10 10 10 10 10 10 10 10 10 10 10 10 10 10 10 11 11 11 11 11 11 11 11 11 11 11 11 11 11 11 11 11 11 11 11 11 11 11 11 11 11 11 11 11 11 11 11 12 12 12 12 12 12 12 12 12 12 12 12 12 12 12 12 12 12 12 12 12 12 12 12 12 12 12 
# Offset (log(q[i]/q[1])) 
0 2.30258509299405 2.30258509299405 2.30258509299405
# number of categories npred 
 100 
# prediction matrix Xpred 
1 16 0.333333333333333 0.333333333333333 0.333333333333333
1 16.3535353535354 0.333333333333333 0.333333333333333 0.333333333333333
1 16.7070707070707 0.333333333333333 0.333333333333333 0.333333333333333
1 17.0606060606061 0.333333333333333 0.333333333333333 0.333333333333333
1 17.4141414141414 0.333333333333333 0.333333333333333 0.333333333333333
1 17.7676767676768 0.333333333333333 0.333333333333333 0.333333333333333
1 18.1212121212121 0.333333333333333 0.333333333333333 0.333333333333333
1 18.4747474747475 0.333333333333333 0.333333333333333 0.333333333333333
1 18.8282828282828 0.333333333333333 0.333333333333333 0.333333333333333
1 19.1818181818182 0.333333333333333 0.333333333333333 0.333333333333333
1 19.5353535353535 0.333333333333333 0.333333333333333 0.333333333333333
1 19.8888888888889 0.333333333333333 0.333333333333333 0.333333333333333
1 20.2424242424242 0.333333333333333 0.333333333333333 0.333333333333333
1 20.5959595959596 0.333333333333333 0.333333333333333 0.333333333333333
1 20.9494949494949 0.333333333333333 0.333333333333333 0.333333333333333
1 21.3030303030303 0.333333333333333 0.333333333333333 0.333333333333333
1 21.6565656565657 0.333333333333333 0.333333333333333 0.333333333333333
1 22.010101010101 0.333333333333333 0.333333333333333 0.333333333333333
1 22.3636363636364 0.333333333333333 0.333333333333333 0.333333333333333
1 22.7171717171717 0.333333333333333 0.333333333333333 0.333333333333333
1 23.0707070707071 0.333333333333333 0.333333333333333 0.333333333333333
1 23.4242424242424 0.333333333333333 0.333333333333333 0.333333333333333
1 23.7777777777778 0.333333333333333 0.333333333333333 0.333333333333333
1 24.1313131313131 0.333333333333333 0.333333333333333 0.333333333333333
1 24.4848484848485 0.333333333333333 0.333333333333333 0.333333333333333
1 24.8383838383838 0.333333333333333 0.333333333333333 0.333333333333333
1 25.1919191919192 0.333333333333333 0.333333333333333 0.333333333333333
1 25.5454545454545 0.333333333333333 0.333333333333333 0.333333333333333
1 25.8989898989899 0.333333333333333 0.333333333333333 0.333333333333333
1 26.2525252525253 0.333333333333333 0.333333333333333 0.333333333333333
1 26.6060606060606 0.333333333333333 0.333333333333333 0.333333333333333
1 26.959595959596 0.333333333333333 0.333333333333333 0.333333333333333
1 27.3131313131313 0.333333333333333 0.333333333333333 0.333333333333333
1 27.6666666666667 0.333333333333333 0.333333333333333 0.333333333333333
1 28.020202020202 0.333333333333333 0.333333333333333 0.333333333333333
1 28.3737373737374 0.333333333333333 0.333333333333333 0.333333333333333
1 28.7272727272727 0.333333333333333 0.333333333333333 0.333333333333333
1 29.0808080808081 0.333333333333333 0.333333333333333 0.333333333333333
1 29.4343434343434 0.333333333333333 0.333333333333333 0.333333333333333
1 29.7878787878788 0.333333333333333 0.333333333333333 0.333333333333333
1 30.1414141414141 0.333333333333333 0.333333333333333 0.333333333333333
1 30.4949494949495 0.333333333333333 0.333333333333333 0.333333333333333
1 30.8484848484848 0.333333333333333 0.333333333333333 0.333333333333333
1 31.2020202020202 0.333333333333333 0.333333333333333 0.333333333333333
1 31.5555555555556 0.333333333333333 0.333333333333333 0.333333333333333
1 31.9090909090909 0.333333333333333 0.333333333333333 0.333333333333333
1 32.2626262626263 0.333333333333333 0.333333333333333 0.333333333333333
1 32.6161616161616 0.333333333333333 0.333333333333333 0.333333333333333
1 32.969696969697 0.333333333333333 0.333333333333333 0.333333333333333
1 33.3232323232323 0.333333333333333 0.333333333333333 0.333333333333333
1 33.6767676767677 0.333333333333333 0.333333333333333 0.333333333333333
1 34.030303030303 0.333333333333333 0.333333333333333 0.333333333333333
1 34.3838383838384 0.333333333333333 0.333333333333333 0.333333333333333
1 34.7373737373737 0.333333333333333 0.333333333333333 0.333333333333333
1 35.0909090909091 0.333333333333333 0.333333333333333 0.333333333333333
1 35.4444444444444 0.333333333333333 0.333333333333333 0.333333333333333
1 35.7979797979798 0.333333333333333 0.333333333333333 0.333333333333333
1 36.1515151515152 0.333333333333333 0.333333333333333 0.333333333333333
1 36.5050505050505 0.333333333333333 0.333333333333333 0.333333333333333
1 36.8585858585859 0.333333333333333 0.333333333333333 0.333333333333333
1 37.2121212121212 0.333333333333333 0.333333333333333 0.333333333333333
1 37.5656565656566 0.333333333333333 0.333333333333333 0.333333333333333
1 37.9191919191919 0.333333333333333 0.333333333333333 0.333333333333333
1 38.2727272727273 0.333333333333333 0.333333333333333 0.333333333333333
1 38.6262626262626 0.333333333333333 0.333333333333333 0.333333333333333
1 38.979797979798 0.333333333333333 0.333333333333333 0.333333333333333
1 39.3333333333333 0.333333333333333 0.333333333333333 0.333333333333333
1 39.6868686868687 0.333333333333333 0.333333333333333 0.333333333333333
1 40.040404040404 0.333333333333333 0.333333333333333 0.333333333333333
1 40.3939393939394 0.333333333333333 0.333333333333333 0.333333333333333
1 40.7474747474747 0.333333333333333 0.333333333333333 0.333333333333333
1 41.1010101010101 0.333333333333333 0.333333333333333 0.333333333333333
1 41.4545454545455 0.333333333333333 0.333333333333333 0.333333333333333
1 41.8080808080808 0.333333333333333 0.333333333333333 0.333333333333333
1 42.1616161616162 0.333333333333333 0.333333333333333 0.333333333333333
1 42.5151515151515 0.333333333333333 0.333333333333333 0.333333333333333
1 42.8686868686869 0.333333333333333 0.333333333333333 0.333333333333333
1 43.2222222222222 0.333333333333333 0.333333333333333 0.333333333333333
1 43.5757575757576 0.333333333333333 0.333333333333333 0.333333333333333
1 43.9292929292929 0.333333333333333 0.333333333333333 0.333333333333333
1 44.2828282828283 0.333333333333333 0.333333333333333 0.333333333333333
1 44.6363636363636 0.333333333333333 0.333333333333333 0.333333333333333
1 44.989898989899 0.333333333333333 0.333333333333333 0.333333333333333
1 45.3434343434343 0.333333333333333 0.333333333333333 0.333333333333333
1 45.6969696969697 0.333333333333333 0.333333333333333 0.333333333333333
1 46.0505050505051 0.333333333333333 0.333333333333333 0.333333333333333
1 46.4040404040404 0.333333333333333 0.333333333333333 0.333333333333333
1 46.7575757575758 0.333333333333333 0.333333333333333 0.333333333333333
1 47.1111111111111 0.333333333333333 0.333333333333333 0.333333333333333
1 47.4646464646465 0.333333333333333 0.333333333333333 0.333333333333333
1 47.8181818181818 0.333333333333333 0.333333333333333 0.333333333333333
1 48.1717171717172 0.333333333333333 0.333333333333333 0.333333333333333
1 48.5252525252525 0.333333333333333 0.333333333333333 0.333333333333333
1 48.8787878787879 0.333333333333333 0.333333333333333 0.333333333333333
1 49.2323232323232 0.333333333333333 0.333333333333333 0.333333333333333
1 49.5858585858586 0.333333333333333 0.333333333333333 0.333333333333333
1 49.9393939393939 0.333333333333333 0.333333333333333 0.333333333333333
1 50.2929292929293 0.333333333333333 0.333333333333333 0.333333333333333
1 50.6464646464646 0.333333333333333 0.333333333333333 0.333333333333333
1 51 0.333333333333333 0.333333333333333 0.333333333333333
# conditional prediction matrix Xcondpred 
372.599 372.599 372.599 372.599
372.599 372.599 372.599 372.599
372.599 372.599 372.599 372.599
372.599 372.599 372.599 372.599
372.599 372.599 372.599 372.599
372.599 372.599 372.599 372.599
372.599 372.599 372.599 372.599
372.599 372.599 372.599 372.599
372.599 372.599 372.599 372.599
372.599 372.599 372.599 372.599
372.599 372.599 372.599 372.599
372.599 372.599 372.599 372.599
372.599 372.599 372.599 372.599
372.599 372.599 372.599 372.599
372.599 372.599 372.599 372.599
372.599 372.599 372.599 372.599
372.599 372.599 372.599 372.599
372.599 372.599 372.599 372.599
372.599 372.599 372.599 372.599
372.599 372.599 372.599 372.599
372.599 372.599 372.599 372.599
372.599 372.599 372.599 372.599
372.599 372.599 372.599 372.599
372.599 372.599 372.599 372.599
372.599 372.599 372.599 372.599
372.599 372.599 372.599 372.599
372.599 372.599 372.599 372.599
372.599 372.599 372.599 372.599
372.599 372.599 372.599 372.599
372.599 372.599 372.599 372.599
372.599 372.599 372.599 372.599
372.599 372.599 372.599 372.599
372.599 372.599 372.599 372.599
372.599 372.599 372.599 372.599
372.599 372.599 372.599 372.599
372.599 372.599 372.599 372.599
372.599 372.599 372.599 372.599
372.599 372.599 372.599 372.599
372.599 372.599 372.599 372.599
372.599 372.599 372.599 372.599
372.599 372.599 372.599 372.599
372.599 372.599 372.599 372.599
372.599 372.599 372.599 372.599
372.599 372.599 372.599 372.599
372.599 372.599 372.599 372.599
372.599 372.599 372.599 372.599
372.599 372.599 372.599 372.599
372.599 372.599 372.599 372.599
372.599 372.599 372.599 372.599
372.599 372.599 372.599 372.599
372.599 372.599 372.599 372.599
372.599 372.599 372.599 372.599
372.599 372.599 372.599 372.599
372.599 372.599 372.599 372.599
372.599 372.599 372.599 372.599
372.599 372.599 372.599 372.599
372.599 372.599 372.599 372.599
372.599 372.599 372.599 372.599
372.599 372.599 372.599 372.599
372.599 372.599 372.599 372.599
372.599 372.599 372.599 372.599
372.599 372.599 372.599 372.599
372.599 372.599 372.599 372.599
372.599 372.599 372.599 372.599
372.599 372.599 372.599 372.599
372.599 372.599 372.599 372.599
372.599 372.599 372.599 372.599
372.599 372.599 372.599 372.599
372.599 372.599 372.599 372.599
372.599 372.599 372.599 372.599
372.599 372.599 372.599 372.599
372.599 372.599 372.599 372.599
372.599 372.599 372.599 372.599
372.599 372.599 372.599 372.599
372.599 372.599 372.599 372.599
372.599 372.599 372.599 372.599
372.599 372.599 372.599 372.599
372.599 372.599 372.599 372.599
372.599 372.599 372.599 372.599
372.599 372.599 372.599 372.599
372.599 372.599 372.599 372.599
372.599 372.599 372.599 372.599
372.599 372.599 372.599 372.599
372.599 372.599 372.599 372.599
372.599 372.599 372.599 372.599
372.599 372.599 372.599 372.599
372.599 372.599 372.599 372.599
372.599 372.599 372.599 372.599
372.599 372.599 372.599 372.599
372.599 372.599 372.599 372.599
372.599 372.599 372.599 372.599
372.599 372.599 372.599 372.599
372.599 372.599 372.599 372.599
372.599 372.599 372.599 372.599
372.599 372.599 372.599 372.599
372.599 372.599 372.599 372.599
372.599 372.599 372.599 372.599
372.599 372.599 372.599 372.599
372.599 372.599 372.599 372.599
372.599 372.599 372.599 372.599
