# Number of parameters = 22  Objective function value = 2017.17  Maximum gradient component = 4.57106e-05
# beta0:
 -0.603312 -1.68676 -1.12984
 0.0133416 0.0288820 0.0308039
 0.609809 1.38759 0.555724
 -0.0907246 0.892461 0.156592
 0.150790 0.451876 -0.460127
# betacond:
0.00218802899013
# a:
 0.253289103754 0.209969749860 0.146159598031 0.242180570147 -0.0280472981643 0.0947647427864
# u0:
 0.159103447279 0.302370725285 0.180544761560
 0.0924990389960 -0.0699628549243 0.0110858078566
 -0.252552122974 -0.232433878577 -0.192393258503
 -0.133718437465 -0.110685426134 -0.0561570031476
 -0.461338157699 -0.352775202867 -0.509939411855
 0.593671198559 0.462726482313 0.564900516845
 -0.0176321294329 -0.100830149005 0.0653286728799
 -0.101199257866 -0.0548988306128 -0.235066925181
 0.118509261507 0.155863826719 0.169656638712
 0.0256901582099 0.301727783068 -0.101676410341
 -0.0462655613780 -0.296600242618 0.0679936091259
 0.0200421606134 -0.00508172751677 0.0333879510254
