# Number of parameters = 12  Objective function value = 211.145  Maximum gradient component = 0.000865634
# beta0:
 1.65470 1.47179 -1.68027
 0.412983 2.10727 2.50844
# a:
 0.469356 -0.692914 0.261279 1.65362 -1.97051 -0.000812503
# u0:
 0.181176 -0.310351 0.961706
 0.267642 -0.267031 -0.0230786
 -0.263166 0.485494 -1.65858
 -0.535252 0.905037 -2.75189
 0.259727 -0.732812 3.54998
 0.713101 -0.866559 1.10813
 -0.939488 1.52956 -4.38538
 0.108574 -0.160532 0.384360
 0.241035 -0.294326 0.385273
 -0.0639568 -0.386551 3.40205
