# Number of parameters = 12  Objective function value = 2062.56  Maximum gradient component = 4.18700e-05
# beta0:
 -0.482250 -1.19372 -1.21136
 0.0143368 0.0290060 0.0306005
# betacond:
0.00000000000
# a:
 -0.737555915057 -0.632004777946 0.615681303057 -0.446179961945 0.243278961655 0.517567803567
# u0:
 0.0904040431198 -0.284093250719 0.561138678143
 0.00524875591778 -0.846682725724 0.243742553873
 -0.203377612543 -0.988937651206 -0.181098199772
 1.20580630770 1.38792937141 0.950566667724
 0.363889118168 0.479766828641 0.148373688852
 1.51352491936 2.07108828401 1.36453188950
 -1.03190783057 -0.213288911202 -0.107633935883
 -0.763758732321 0.00878342038364 -0.342835619206
 -0.902594728262 -0.168826034956 0.183436776607
 -0.241922540628 -0.0609418202093 -1.28229587702
 0.0181087305721 -0.748075125626 -0.604505883556
 -0.0525470884278 -0.635588421882 -0.932494402113
