# Number of parameters = 10  Objective function value = 2058.52  Maximum gradient component = 0.000388410
# beta0:
 -0.0228628 -0.00620714 -0.0316328
# betacond:
0.00354617255106
# a:
 0.337006145914 0.326630033988 0.351111269841 0.262362259700 0.106048391590 0.204455219002
# u0:
 -0.104517896981 -0.340131357189 -0.101973518163
 -0.0457982111215 -0.739644529453 -0.316572906264
 -0.589256922134 -0.850455071165 -0.296917584114
 -0.282776577778 0.122917290028 0.163064668827
 -0.258907159884 0.249301764044 -0.151456746632
 0.785095486944 0.598476144403 0.834578682826
 0.175081483525 0.284949143450 0.336510889287
 -0.0548798610641 0.194703628196 -0.105108860931
 0.309184446933 0.716154657219 0.365512330956
 0.151120757079 0.185226435332 -0.230280445753
 -0.121761409218 -0.443835187375 -0.326637599127
 0.0376074378460 0.0234145010647 -0.170507091359
