# Number of parameters = 18  Objective function value = 2049.41  Maximum gradient component = 0.000111459
# beta0:
 -0.0801858 -1.02645 -0.0641270
 1.07604 2.05375 0.627514
 -0.880948 0.585458 -0.314660
 -0.0611864 0.231318 -1.16673
# betacond:
0.00000000000
# a:
 0.248020687685 0.293913543689 0.234967290676 0.282896095919 -0.0504593071775 0.169950464477
# u0:
 0.164180358913 0.409601855170 0.337510516903
 0.0161577797931 -0.146870337137 0.0221000008572
 -0.180915513471 -0.262260485014 -0.359711084763
 0.153602101078 0.0909468214405 0.147260591912
 -0.596446626098 -0.786419034146 -0.633673961231
 0.441859959861 0.695113327451 0.485821337904
 -0.102524217938 -0.0802317382834 -0.0130916275279
 0.0725281160298 0.111490515353 -0.254037570688
 0.0299488112890 -0.0308145649377 0.267634725534
 -0.127806979493 0.391624832713 -0.348947338324
 0.0995539560385 -0.258352108595 0.322900928155
 0.0280171414959 -0.132888401523 0.0263260665986
