# Number of parameters = 13  Objective function value = 2036.20  Maximum gradient component = 0.000621549
# beta0:
 -0.441096 -0.889428 -0.962298
 0.0137749 0.0289778 0.0305142
# betacond:
0.00355578266090
# a:
 0.342399373234 0.332595406136 0.346099532611 0.270482475427 0.0986829493650 0.201986975939
# u0:
 -0.107314242618 -0.344223147387 -0.107594450871
 -0.0394979210052 -0.723010661396 -0.300681263310
 -0.593631528367 -0.856493300831 -0.304279629382
 -0.300172197183 0.0886657803620 0.128628150396
 -0.274649194416 0.218836769719 -0.183329168066
 0.795716730943 0.618091913530 0.857785758366
 0.179807939439 0.287698898592 0.339108303662
 -0.0393944666599 0.223625054135 -0.0754649337399
 0.310587180115 0.713604902272 0.361041673550
 0.160111424817 0.203936026688 -0.208814483554
 -0.121560689014 -0.440505627393 -0.323216429815
 0.0301592478158 0.0108470418417 -0.183003574315
