# Number of parameters = 9  Objective function value = 2084.79  Maximum gradient component = 3.92303e-05
# beta0:
 -0.0468153 -0.308862 -0.277406
# betacond:
0.00000000000
# a:
 -0.739601621605 -0.634980555212 0.614089407201 -0.450668075174 0.241915940472 0.518371625809
# u0:
 0.0925091602116 -0.280055446252 0.565407949694
 -0.00248562280348 -0.862821217116 0.226723059680
 -0.200388211682 -0.982946435259 -0.174832174193
 1.22090587034 1.41866399619 0.983008737790
 0.378290415262 0.509525734069 0.179767554303
 1.50257474304 2.04816287666 1.34043445738
 -1.03279505304 -0.214875719769 -0.109279367454
 -0.778063813847 -0.0200892154165 -0.373228938437
 -0.899967316965 -0.163948274032 0.188522335296
 -0.250968291868 -0.0790326640789 -1.30138936063
 0.0165652524409 -0.750496911252 -0.607023578286
 -0.0453380925182 -0.620978462215 -0.917204524606
