# number of observations n 
 20 
# number of groups m 
 4 
# dimension of parameter vector p 
 3 
# response counts Y 
3 2 1 14
5 6 3 6
5 10 0 5
2 8 0 10
2 6 5 7
3 2 2 13
0 5 5 10
1 8 1 10
2 6 2 10
2 4 1 13
3 7 1 9
2 4 0 14
1 3 1 15
2 6 2 10
2 5 5 8
1 8 1 10
3 8 2 7
1 9 2 8
2 5 0 13
1 5 0 14
# model/design matrix X 
1 1.34875412464876 2.96290829321333
1 1.12770500495411 1.24854747584118
1 0.232514490319628 0.435911579377475
1 -0.810874651881134 -1.09702168642592
1 -1.18125798837883 -0.345505007523775
1 1.89723721163939 -1.24350759520693
1 0.445830850456501 1.24593985692041
1 -0.91260964417652 0.370267977279467
1 -0.167738081240599 1.1669128957221
1 2.15230457942978 1.14938370182755
1 -0.558363872681022 0.166169659619418
1 -0.600609015347434 -0.130608902871814
1 0.00273235735933371 0.12494163714189
1 0.425263360550173 -1.24462422957461
1 0.96939646115444 -0.22656357141796
1 -0.822191316405275 -0.435367395850198
1 -0.211452096987132 0.840053031341893
1 -2.37137166863008 -0.265430630323979
1 -0.632964321196117 0.0562354695082771
1 1.00612256652417 1.08263321723093
