# Number of parameters = 21  Objective function value = 2027.31  Maximum gradient component = 5.51083e-05
# beta0:
 -0.499870 -1.89959 -0.993826
 0.0138442 0.0286898 0.0305316
 1.06919 2.03926 0.612163
 -0.877607 0.591873 -0.307927
 -0.0610695 0.231140 -1.16695
# betacond:
0.00000000000
# a:
 0.252192556377 0.305644350297 0.237597227411 0.289779826305 -0.0492614515717 0.166020276301
# u0:
 0.162428833843 0.405302023869 0.331726662299
 0.0233595762606 -0.133879998525 0.0359700446653
 -0.186378534199 -0.270940830028 -0.367815143634
 0.143356144687 0.0737395421160 0.129439280695
 -0.604990419759 -0.804849830952 -0.652692671692
 0.460636453604 0.730759211205 0.522642195731
 -0.105387442333 -0.0869305280869 -0.0204960204197
 0.0812659811177 0.130799925430 -0.232662478764
 0.0240629948570 -0.0434174100443 0.253649492750
 -0.119643049487 0.407740310031 -0.332108232552
 0.100696141014 -0.258247899977 0.322660093716
 0.0187006808411 -0.149099226036 0.00971405566710
