# Number of parameters = 19  Objective function value = 2039.81  Maximum gradient component = 8.08973e-05
# beta0:
 -0.198296 -0.809031 -0.190832
 0.619349 1.40617 0.571458
 -0.0989949 0.884006 0.146773
 0.149509 0.450515 -0.464593
# betacond:
0.00217403915478
# a:
 0.247662651846 0.199308381216 0.147702863921 0.232267713409 -0.0209109319489 0.105263798243
# u0:
 0.157045093658 0.308174307182 0.189208385840
 0.0922240699083 -0.0849521490326 -0.00718591760030
 -0.250081378286 -0.223197577275 -0.182634904956
 -0.125892422958 -0.0916406526741 -0.0347220552685
 -0.449987197832 -0.338401170159 -0.494311330381
 0.574643983216 0.429358378218 0.527985147994
 -0.0164682345178 -0.0935469294858 0.0730126763599
 -0.105356061545 -0.0731570103232 -0.257441571323
 0.121622872388 0.166871267742 0.184473180117
 0.0157183315460 0.287009017555 -0.118630002750
 -0.0454905991667 -0.295653055938 0.0700881371052
 0.0293581231203 0.00872529642110 0.0483732789891
