# Number of parameters = 16  Objective function value = 2130.32  Maximum gradient component = 0.000121501
# beta0:
 -0.488111 -1.57021 -1.06410
 0.00931280 0.0260343 0.0283464
 0.568038 1.32274 0.566021
 0.00520821 0.932084 0.193679
 0.174204 0.479226 -0.368453
# betacond:
0.00249701658383
# a:
 1.00000000000 1.00000000000 1.00000000000 1.00000000000 1.00000000000 1.00000000000
# u0:
 0.00000000000 0.00000000000 0.00000000000
 0.00000000000 0.00000000000 0.00000000000
 0.00000000000 0.00000000000 0.00000000000
 0.00000000000 0.00000000000 0.00000000000
 0.00000000000 0.00000000000 0.00000000000
 0.00000000000 0.00000000000 0.00000000000
 0.00000000000 0.00000000000 0.00000000000
 0.00000000000 0.00000000000 0.00000000000
 0.00000000000 0.00000000000 0.00000000000
 0.00000000000 0.00000000000 0.00000000000
 0.00000000000 0.00000000000 0.00000000000
 0.00000000000 0.00000000000 0.00000000000
