# Number of parameters = 30  Objective function value = 2001.84  Maximum gradient component = 0.0231752
# beta0:
 -0.734229 -3.00898 -2.90670
 0.0139374 0.0287498 0.0302922
 0.216026 0.201847 -0.887879
 -0.395957 0.567351 0.268314
 0.660877 0.587962 0.237570
 -0.00349322 -0.00274842 -0.00459240
 3.47433e-05 0.000443123 0.00118703
 0.00253263 0.00511047 0.00298926
 0.00215734 0.00222270 0.00650409
# a:
 0.0400588 0.116164 0.0589596
# u0:
 -0.0147151 0.124087 -0.0548898
 0.00679564 -0.0313759 0.0146349
 0.00790474 -0.0912940 0.0404795
 -0.00705354 0.0311781 -0.0225794
 -0.0191774 0.0200615 -0.0309355
 0.0262202 -0.0500871 0.0537102
 -0.0228426 -0.188784 0.0191773
 0.00348104 0.124742 -0.0287974
 0.0193857 0.0651399 0.00991112
 -0.0222670 0.120049 -0.0662928
 -0.0170565 -0.145194 0.0215945
 0.0393306 0.0263050 0.0449770
