# Number of parameters = 27  Objective function value = 2038.02  Maximum gradient component = 0.00713035
# beta0:
 -0.726603 -2.87684 -2.92864
 0.0138907 0.0285258 0.0302508
 0.228884 0.278420 -0.880987
 -0.387068 0.569844 0.276859
 0.668767 0.557139 0.255169
 -0.00350731 -0.00264228 -0.00460624
 2.31294e-05 0.000318249 0.00119361
 0.00251081 0.00501060 0.00297411
 0.00216989 0.00193071 0.00657107
# a:
 0.100000 0.100000 0.100000 0.100000 0.100000 0.100000
# u0:
 0.00000 0.00000 0.00000
 0.00000 0.00000 0.00000
 0.00000 0.00000 0.00000
 0.00000 0.00000 0.00000
 0.00000 0.00000 0.00000
 0.00000 0.00000 0.00000
 0.00000 0.00000 0.00000
 0.00000 0.00000 0.00000
 0.00000 0.00000 0.00000
 0.00000 0.00000 0.00000
 0.00000 0.00000 0.00000
 0.00000 0.00000 0.00000
