# Number of parameters = 25  Objective function value = 2411.97  Maximum gradient component = 318.418
# beta0:
 -0.0938423 -0.0320372 0.179384
 -0.102624 -0.744251 -0.0988940
 -0.0608116 -0.409160 -0.143156
 -0.182838 -0.181319 0.312133
 2.25792 4.39249 -2.65181
 -2.60455 -2.48460 -0.156645
# betacond:
0.00198719551004
# a:
 0.659350641901 0.0233875944730 0.713353762441 0.956253790273 0.184075219350 0.525963020911
# u0:
 -0.393214338779 -0.183453302692 0.234000804929
 -0.0940311731465 0.360977386300 -0.0546349067906
 -0.588414176785 0.229527709743 -0.345825497885
 -0.0255543931542 -0.582730065544 -0.689871546081
 0.349061830907 0.366588860616 0.153445332629
 0.237329557563 0.225742546841 0.365612223512
 0.535194477533 0.338742159317 0.185916683728
 -0.0319727405286 -0.0427004936945 0.0150259063338
 -0.0883889811896 -0.349921664828 -0.530977505158
 0.567199657297 -0.0746509315819 0.0475893283679
 0.465482849846 0.339792788446 0.998354526306
 0.00175270713289 -0.387539690905 0.343799126253
 -0.239688179669 0.270583534196 0.358095535611
