# Number of parameters = 22  Objective function value = 2800.29  Maximum gradient component = 7.02929e-05
# beta0:
 -0.270600 -0.198162 -0.857015
 0.0230669 0.0187336 0.0382447
 -0.0398278 0.284216 -1.07730
 -0.0205896 0.642689 -0.422275
 0.0779871 0.249587 -0.396385
# betacond:
-0.00237892109237
# a:
 0.276574933057 0.129679967111 0.208591748217 0.154303097636 0.418170789288 0.128436297170
# u0:
 0.0352046878509 -0.0302295563504 -0.0874079012761
 0.0502909785990 0.0496892705182 -0.0171227142332
 -0.0850369282367 -0.0192516658911 0.106714925957
 -0.142321234953 -0.372458840091 -0.774606846033
 -0.266641801481 -0.292606947020 -0.472028919835
 0.413274295847 0.665813925531 1.25059831159
 -0.233110981949 -0.0731964866447 -0.145423072077
 0.367518977795 -0.0310632133371 -0.203052799190
 -0.135063133628 0.104150647107 0.351147168376
 -0.123149886939 0.0927961879492 0.0593733125720
 0.252909847740 0.0332253555144 0.0434919512883
 -0.0896871652355 0.0693769937188 0.273299300499
 -0.223667243725 0.132281173879 0.330397358698
 0.542643629582 0.0228231709730 -0.227272212898
 -0.353482858022 -0.352599191828 -0.478691321287
